{"labels":[{"id":"5db44b4322cd80278d97db3c","categoryPath":"5db3f9c3d4044f6b80eee115","data":{"indices":["185912","109118","136867","61981","94313","75515","89770","94992","119192","187525","11081","13477","94423","101737","66926","156672","155680","156397","156432","81258","21996","38361","59476","128979","22380","22408","159796","23090","22865","47450","60531","66766","110749","52842","83696","73224","108761","75258","70502","75261","97714","114449","60602","43547","38330","156074","38336","38345","109881","38730","38716","38955","66738","82558","72985","77284","89838","43190","116787","43549","145469","44704","73502","73023","129842","46758","47417","47419","47429","91524","47434","97729","56237","95237","52301","167456","80182","82507","71921","97868","54829","70468","69100","58021","76128","90498","75657","72266","59473","129780","86239","78009","65412","92421","94707","91294","76647","169720","95369","69277","73274","90961","68417","68983","94924","70833","71936","71816","71857","136454","152433","181533","73966","96764","74836","74992","97266","90751","75614","76653","109345","77450","79710","77853","78047","78048","78059","78361","78065","155622","78877","78881","101629","80586","81145","81674","82306","82561","136021","83700","177081","85135","85899","87890","141954","140088","88963","92378","91523","93915","94287","97834","180333","101120","101345","114987","176896","176909","142826","112620","129697","129787","136450","139934","139945","141947","142837","142945","143210","145476","146037","146038","147045","154225","154233","154251","155456","155942","155913","156060","156110","156527","162331","167479","180813","180838","187577","187580","187633","187651","187660","187661","86532","72597","73886","76771","70734","129094","90128","56936","22955","77421","80455","54985","116586","100759","178142","60429","45622","61041","82707","58807","98492","103398","80387","97692","166546","178150","186571","77926","80419","80512","120546","129097","134307","136381","163392","78628","155431","139618","27917","100767","156038","60691","93770","161560","118135","113744","24943","74030","114784","59575","175411","95740","79339","40874","126470","155903","156348","21508","97928","97991"]}},{"id":"5db44b4322cd80278d97db3b","categoryPath":"5db3f9c3d4044f6b80eee115","data":{"indices":["55877","23487","7839","21199","38935","28143","20518","41900","28822","24878","21081","23853","24023","35398","37574","30815","9505","4614","2249","2594","2604","2768","22881","48476","5602","5142","38507","7533","39573","28087","20779","30182","12056","8159","8999","66032","20930","26291","12131","8756","9995","12813","8983","9082","10964","41137","11765","31088","13307","16435","12101","29798","22063","28008","23789","17838","25083","30715","18566","25593","20118","20488","22378","28727","37014","23199","65748","29538","22299","28125","22709","30691","54804","41966","36331","44688","49889","65782","45025","45035","65755","56062","66051","24191","10716","49796","36163","2468","43461","18246","61406","59840","6679","15089","39142","10692","20987","35243","35979","36965","29973","46944","7506","10025","65920","10841","33949","39180","18036","35039","18049","13853","39425","24200","21024","18321","36954","19328","21104","35014","56790","34161","39652","40209","36156","54715","15837","24987","9763","8550","8359","5453","14072","24213","13543","51200","17018","9381","57026","5641","24218","36356","45114"]}},{"id":"5db44b4322cd80278d97db3e","categoryPath":"5db3f9c3d4044f6b80eee115","data":{"indices":["38056","82451","66999","26189","68956","68921","26858","48810","26847","26872","27291","26884","26887","67938","34747","48244","57525","38254","59655","66314","54156","55277","77530","54881","35733","28717","7474","104","139","67796","334","27278","67635","68958","34763","27996","78863","7476","20649","51438","32418","32619","60760","92041","73294","75547","75494","88846","32617","61584","75542","30873","32393","31406","36736","36747","37217","66508","60793","70314","72933","72932","75497","28716","41580","31589","24715","85279","59864","42772","83774","51206","66471","61449","49443","41241","85241","64130","42352","41437","42856","59419"]}},{"id":"5db44b4322cd80278d97db40","categoryPath":"5db3f9c3d4044f6b80eee115","data":{"indices":["23329"]}},{"id":"5db44b4322cd80278d97db3f","categoryPath":"5db3f9c3d4044f6b80eee115","data":{"indices":["59205","48540","78347","83421","47999","48516","71712","44896","24938","66871","22477","82715","62471","25034","47865","32059","34507","40173","47754","78534","72225","69528","36645","83327","53809","74351","86543","46534","74294","43675","40920","65827","49202","62459","53962","43035","53487","31772","57225","23557","78138","40971","39634","46582","25430"]}},{"id":"5db44b4322cd80278d97db42","categoryPath":"5db3f9c3d4044f6b80eee115","data":{"indices":["88816","84379","77956","66956","71207","72600","76636","76820","76616","77152","79198","56148","41496","77658","82845","21388","52517","36143","84700","90615","44402","45881","45875","50440","64939","26386","27112","77117","74897","41725","84813","32688","82517","83003","43487","48963","58334","79232","75429","41198","42651","46534","77148","50193","54488","53075","53088","66160","62127","62295","82512","72646","72787","77932","74622","64493","71066","91934","84999","78974","81431","91997","73066"]}},{"id":"5db44b4322cd80278d97db41","categoryPath":"5db3f9c3d4044f6b80eee115","data":{"indices":["18628","31723","41976","40680","49997","58326","58340","40305","38854","54531","69092","51327","57085","56992","85488","7384","48095","11345","32269","23853","21309","44953","26565","31878","32684","32687","60178","37275","37299","52896","74723","58546","74711","5848"]}},{"id":"5db44b4322cd80278d97db3d","categoryPath":"5db3f9c3d4044f6b80eee115","data":{"indices":["66068","53307","53265","181197","154896","64948","177735","125111","188645","165916","143841","194777","122215","196628","156352","184687","75401","197456","178984","157244","120304","118085","152085","161849","188011","188229","68904","76308"]}},{"id":"5db44b4322cd80278d97db43","categoryPath":"5db3f9c3d4044f6b80eee115","data":{"indices":["38855","58432","43841","43385","64961","43569","38644","37790","53958","40393","66541","115605","13853","78884","46607","55992","56026","72970","35387","20000","37966","64946","55326","110428","31598","68815","134833","33388","60997","121983","37971","82628","33317","54456","45722","51747","49646","33402","53100","55498","54931","35729","95219","85392","39987","40069","84212","41910","58049","131273","44051","127502","78419","77366","45961","46011","73899","73906","65167","59973","35276","25599","86564","67946","130660","47638","36566","102024","61814","132449","82030","33285","33251","101969","36843","73200","131702","60834","50723","58545","75313","55513","71457","48782","41812","45550","45595","38483","85139","67982"]}}],"task":{"projectOptions":{"_id":"5db3f9c3d4044f6b80eee114","name":"Redwood_seg","itemType":"mesh","labelType":"mesh segmentation","taskSize":10,"__v":0,"categories":[{"parent":null,"_id":"5db3f9c3d4044f6b80eee115","name":"chair","project":"5db3f9c3d4044f6b80eee114","level":1,"__v":0}]},"_id":"5db3f9c3d4044f6b80eee119","project":"5db3f9c3d4044f6b80eee114","index":4,"__v":0,"items":[{"transform":[0.9914109478570238,-0.08440273811738887,-0.09990248648985989,0,-0.12823612339729576,-0.4773245319952787,-0.8693196959080239,0,0.02568705559740877,0.8746641907845387,-0.48404825742620977,0,0.03209700195906068,-0.5852148997727384,1.0320007459006593,1],"_id":"5db3f9c3d4044f6b80eee13c","url":"http://dgpu.jiamingsun.ml:16100/03864/downsample/splitted_meshes.json","project":"5db3f9c3d4044f6b80eee114","task":"5db3f9c3d4044f6b80eee119","__v":0,"labelIds":[]},{"transform":[0.9838684093598583,-0.03900811869130842,0.17458904487475216,0,0.08280289252872726,-0.7658014279665492,-0.6377239948737927,0,0.1585769507206246,0.6418929605055894,-0.7502178362341311,0,0.8100401951192786,-0.7350928115415563,1.1204175488680266,1],"_id":"5db3f9c3d4044f6b80eee13d","url":"http://dgpu.jiamingsun.ml:16100/03947/downsample/splitted_meshes.json","project":"5db3f9c3d4044f6b80eee114","task":"5db3f9c3d4044f6b80eee119","__v":0,"labelIds":[]},{"transform":[-0.19271028362658774,0.9788179380826804,0.06912437233703767,0,0.45606383848859333,0.151718389662267,-0.8769192089142729,0,-0.8688316926024611,-0.13746622309065587,-0.4756411613011038,0,0.883558452129364,0.044019367545843124,0.977968156337738,1],"_id":"5db3f9c3d4044f6b80eee13e","url":"http://dgpu.jiamingsun.ml:16100/04038/downsample/splitted_meshes.json","project":"5db3f9c3d4044f6b80eee114","task":"5db3f9c3d4044f6b80eee119","__v":0,"labelIds":[]},{"transform":[0.9858132585204912,-0.1594481755936543,0.052426648901971074,0,0.011458513424356826,-0.247688700644378,-0.9687719310613749,0,0.16745439322498695,0.9556288753656268,-0.2423477482125705,0,-0.1296045482158661,-1.578384518623352,0.36618873476982117,1],"_id":"5db3f9c3d4044f6b80eee13f","url":"http://dgpu.jiamingsun.ml:16100/04263/downsample/splitted_meshes.json","project":"5db3f9c3d4044f6b80eee114","task":"5db3f9c3d4044f6b80eee119","__v":0,"labelIds":[]},{"transform":[-0.2756154939093403,-0.9605930090004083,-0.0360155789353264,0,-0.295717532652245,0.12037862868105734,-0.9476603273757829,0,0.9146514196897619,-0.25053943880063567,-0.31724241952112187,0,-1.400693205567293,0.3547948644802962,1.4014462421850316,1],"_id":"5db3f9c3d4044f6b80eee140","url":"http://dgpu.jiamingsun.ml:16100/04312/downsample/splitted_meshes.json","project":"5db3f9c3d4044f6b80eee114","task":"5db3f9c3d4044f6b80eee119","__v":0,"labelIds":["5db44b4322cd80278d97db3c"]},{"transform":[0.724814866502369,0.6887784730780878,-0.015085368034377584,0,0.207894987598676,-0.2395426711718006,-0.9483664946928044,0,-0.6568280342579268,0.684253981399852,-0.3168176903996375,0,0.6351860034196265,-1.002780556678772,1.1962574160602144,1],"_id":"5db3f9c3d4044f6b80eee141","url":"http://dgpu.jiamingsun.ml:16100/04352/downsample/splitted_meshes.json","project":"5db3f9c3d4044f6b80eee114","task":"5db3f9c3d4044f6b80eee119","__v":0,"labelIds":["5db44b4322cd80278d97db3b"]},{"transform":[0.9897139735652405,0.14166152775593274,0.019956239458105002,0,0.053155998059557466,-0.23463773905103463,-0.9706284350740455,0,-0.1328182220291692,0.9617053332029343,-0.23975441246037887,0,1.1517068564035156,-0.8017041140953275,0.9468285815821053,1],"_id":"5db3f9c3d4044f6b80eee142","url":"http://dgpu.jiamingsun.ml:16100/04470/downsample/splitted_meshes.json","project":"5db3f9c3d4044f6b80eee114","task":"5db3f9c3d4044f6b80eee119","__v":0,"labelIds":["5db44b4322cd80278d97db3e","5db44b4322cd80278d97db40","5db44b4322cd80278d97db3f","5db44b4322cd80278d97db42"]},{"transform":[0.493214027527112,0.8285456036034985,-0.26505112344114196,0,0.5228672020319209,-0.5258640287575774,-0.6708777093103137,0,-0.6952336478826333,0.19229976312103783,-0.692582856670644,0,0.7040471621063995,-0.35719860149744126,1.0389409769616675,1],"_id":"5db3f9c3d4044f6b80eee143","url":"http://dgpu.jiamingsun.ml:16100/04494/downsample/splitted_meshes.json","project":"5db3f9c3d4044f6b80eee114","task":"5db3f9c3d4044f6b80eee119","__v":0,"labelIds":["5db44b4322cd80278d97db41"]},{"transform":[-0.1761509632733152,-0.9840357746652011,-0.025384813361199056,0,-0.675846936825691,0.13965127095029833,-0.723690869182117,0,0.7156827585917988,-0.11032260030996373,-0.6896573008377386,0,-0.3716548156497774,-0.758372726486634,1.266056617083418,1],"_id":"5db3f9c3d4044f6b80eee144","url":"http://dgpu.jiamingsun.ml:16100/04495/downsample/splitted_meshes.json","project":"5db3f9c3d4044f6b80eee114","task":"5db3f9c3d4044f6b80eee119","__v":0,"labelIds":["5db44b4322cd80278d97db3d"]},{"transform":[0.167550656386437,-0.9858596502861086,0.0027368701783527885,0,-0.7635189539652238,-0.1315182049345851,-0.6322512614569675,0,0.6236709896370424,0.10384446724227267,-0.7747585325831137,0,-0.700538947860197,-0.1657790208753145,1.0848138575152404,1],"_id":"5db3f9c3d4044f6b80eee145","url":"http://dgpu.jiamingsun.ml:16100/04497/downsample/splitted_meshes.json","project":"5db3f9c3d4044f6b80eee114","task":"5db3f9c3d4044f6b80eee119","__v":0,"labelIds":["5db44b4322cd80278d97db43"]}]}}