{"labels":[{"id":"5db4407c22cd80278d97db02","categoryPath":"5db3f9c3d4044f6b80eee115","data":{"indices":["38826","57837","93169","79610","88368","63605","78798","45045","35163","6299","129751","90978","81208","78618","95099","46408","41703","40795","33654","128440","128309","128796","78415","106865","19833","19816","25998","96469","128874","128923","129182","58654","55411","42257","60619","42140","13147","13132","79740","102463","67444","39806","41771","59543","43930","57137","93536","66426","47772","47760","22225","69023","51106","105528","97019","61312","12769","42189","40396","128291","96513","145016","19407","55995","65533","79711"]}},{"id":"5db4407c22cd80278d97db00","categoryPath":"5db3f9c3d4044f6b80eee115","data":{"indices":["57624","33665","112328","945","48029","54904","44524","70308","118298","18502","7828","7776","48769","57768","48183","57816","70811","48783","28282","35857","58558","64020","62273","62319","40681","42564","54963","54925","43503","44975","47060","48194","57636","81870","60142","28844","10018","118613","18802","29276","525","2558","57181","54546","10035","57049","10095","10094","31082","10667","18490","21600","74541","27280","43925","32761","61468","59671","47953","65666","53615","70763","64214","28669","35972","105623","100424","29606","29734","47711","30367","37472","67865","46102","44583","47088","47071","67765","45432","45434","47178","50578","51463","54006","54033","51066","47182","67095","78522","28678","24595","50774","69114","22890","59777","69104","47157","81531","69031","62970","60915","46818","1118","71332","1156","78668","122884","16494","6629","9397","23722","68605","62378","66398","22631","22615","62613","59576","55684","64994","60030","43913","60873","40782","67517","69693","55237","45397","29931","29922","78551","54061","34375","62078","46335","64989","43717","44903","54077","65538","67530","67519","68136","122421","98990","122266","122271","122882","63494","29850","75378","1123","10601","18432","8482","18482","9988","10591","11280","18524","13828","12436","26610","60097","46801","95033","49843","43778","79856","99228","42156","63279","122232","64750","45790","43226","30313","47302","57389","44998","17517","30092","1246","100633"]}},{"id":"5db4407c22cd80278d97db03","categoryPath":"5db3f9c3d4044f6b80eee115","data":{"indices":["67023","32434","2231","74748","68600","9335","77965","56336","27029","35822","47761","88537","56246","86078","44732","37802","67860","44116","74591","44179","67716","64277","97804","56814","53787","58899","69350","58924","51690","52052","69291","74836","52184","64406","69367","62017","72769","69875","83694","69258","89319","99840","62150","94542","62157","35682","28458","35733","47240","73062","41437","58804","53289","50618","50566","78642","63622","55674","26541","39624","56581"]}},{"id":"5db4407c22cd80278d97db01","categoryPath":"5db3f9c3d4044f6b80eee115","data":{"indices":["119077","68668","52758","94928","100023","46152","65520","68931","31630","89780","90717","72747","156893","92057","77546","60517","91985","46811","24123","144406","96247","154561","73012","48944","51447","152005","81219","45601","51160","99992","75344","90708","71675","55519","63454","157114","66975","157226","69290","71686","97124","89651","92037","92563","109224","109204","109220","125672","153872","98747","80029","57275","69426","86675","69459","81589","66655","103306","67574","73323","75354","67613","156876","52714","30187"]}},{"id":"5db4407c22cd80278d97db04","categoryPath":"5db3f9c3d4044f6b80eee115","data":{"indices":["101324","67420","90455","70894","88291","57888","104220","35737","72154","97791","93793","95143","103037","47636","89609","84490","104875","104426","85638","69012","63151","80075","64017","64763","63690","63695","64578","66092","67989","103163","86826","86872","94092","90668","46045","105509","69003","102678"]}},{"id":"5db4407c22cd80278d97db05","categoryPath":"5db3f9c3d4044f6b80eee115","data":{"indices":["113774","122501","57677","91507","50960","122890","19852","38443","25408","42458","72045","38587","47946","38623","138372","52795","38977","48637","38985","39402","39408","110591","39517","40867","41189","41193","44337","44305","62787","53375","52757","46085","131547","46363","55335","126867","127251","127245","82179","61331","119164","134513","119463","80752","149555","147898","40925","105905","103907","122165","71977","71735","122250","46257","76922","71791","54932","97802","77903","40962","106037","137841","20674","113245","105936","20685","17246","113956","71673","69496","135353","69499"]}},{"id":"5db4407c22cd80278d97db07","categoryPath":"5db3f9c3d4044f6b80eee115","data":{"indices":[]}},{"id":"5db4407c22cd80278d97db09","categoryPath":"5db3f9c3d4044f6b80eee115","data":{"indices":["53235","81935","54112","49547","56084","85727","76173","48544","46145","90261","75953","17890","77314","75037","18100","62887","57069","58092","50453","54058","23658","50497","65580","49381","121155","22709","34717","52044","31200","31212","104550","34067","34046","34893","74329","38319","48627","48642","74347","48705","69198","50394","45506","66304","47441","62873","46559","52554","101002","47188","47209","80779","47207","67484","51916","60556","64587","77178","77209","74534","48713","55474","59721","99088","99111","100759","56118","50390","80795","85339","89515","50805","64744","68227","121128","59116","52386","101931","72501","117248","55776","84291","59034","68489","61158","61174","61204","62949","73382","122096","106412","121136","68493","75127","79751","80065","80793","83089","117090","117119","120646","121147","122040","122051","122748","122759","123106","134567","40712","58805","8886","8907","45055","42493","114675","96927","8528","9830","11248","112572","116291","137913","10094","102381","11179","11180","49474","11202","11334","74798","47860","15882","77834","77915","57939","19167","114673","20493","34050","49445","49534","49532","76602","76609","137881","99240","116544","54609","58803","37701","131488","3945","102893","4294","113094","133126","9875","140046","140011","133833","134559","13195","77962","26093","26046","74096","59481","49398","36331","111982","44648","50632","64448","139184","89195","64594","121535","57145","58513","41505","68908","37274","138217","103746","123037","48775","104599","138171","136031","60466","85707","140954","43450","112722","44656","115057","53498","139648","110179","105590","4952","4758","88072","60761","90832"]}},{"id":"5db4407c22cd80278d97db0c","categoryPath":"5db3f9c3d4044f6b80eee115","data":{"indices":["115776","28537","2299","52750","55199","114971","94212","1004","129070","68435","2160","74662","59136","2267","115592","3424","66181","64566","35165","3357","86428","125907","19118","93466","29731","73338","10005","11301","11334","123526","81906","69422","115387","116001","86512","77043","17437","83590","17516","28569","91580","63877","19490","21898","27846","100244","66439","121102","65131","29359","54911","108640","87084","115574","102028","44507","61759","45012","125144","57662","115593","114012","62448","113645","89727","116841","118310","70800","117221","82287","114597","95415","85075","86762","124008","98425","105775","114583","96903","109622","105819","106163","109638","110933","112198","115434","118036","124399","124408","19781","3559","3767","62232","63224","88695","117791","117303","115834","19167","122606"]}},{"id":"5db4407c22cd80278d97db0b","categoryPath":"5db3f9c3d4044f6b80eee115","data":{"indices":["61004","27466","19695","77440","41047","76909","72314","34264","90428","5405","7604","6456","6469","6503","101122","6575","7497","63571","80520","23320","34536","94062","23119","23347","89471","12855","90735","118692","12164","30904","91668","82445","15662","37219","23140","50540","34346","93939","72663","79615","21579","52634","67648","89809","39359","28158","93384","121042","81671","27243","62852","30120","30067","27533","27512","86862","30041","91090","30052","30255","71558","34408","67337","70489","32270","32286","33479","70650","34470","115877","115894","99170","37878","65395","105092","78084","39047","44851","44803","40918","41017","46041","74930","42977","46275","80836","57012","64838","55076","121427","128486","58258","75892","80485","73085","88196","96707","73889","127506","75654","126674","118671","126746","104708","80504","78423","80134","84815","81826","104771","120305","104026","124936","126818","111124","127708","129568","46446","72632","34206","73273","67945","14293","33442","28207","73946","61041","124363","93546","50616","80108","127011","32426"]}},{"id":"5db4407c22cd80278d97db0d","categoryPath":"5db3f9c3d4044f6b80eee115","data":{"indices":["95741","18314","55524","18213","92745","14215","14490","6489","89880","711","755","740","741","757","94852","6184","13100","109843","5250","42154","5710","48812","94333","116902","47704","13991","91250","27036","7104","7107","100195","17061","56834","92518","51222","11668","52867","52855","12044","12908","59225","52304","131307","130868","13563","13603","109542","109278","87882","13859","14006","14168","91452","38432","15707","83504","18495","109264","131206","18080","15442","15413","15415","15417","15750","16624","16631","105485","17739","111818","51410","25243","58108","104210","67055","20660","22254","104999","25349","124093","81361","38435","27668","86661","29192","42159","87704","130958","37849","60027","59742","69233","62426","62439","67054","71473","93447","91959","105080","130956","105069","105616","114396","106774","106852","109200","111810","117697","131387","131634","131761","14648","95152","92085","105537","40096","57922","58964","128382","130441","127001","128368","122227","118922","130633","126536","23071","95161","114633","129065","123522","97749","120581","129389","53644","85698","22815","22981","17867","129863","16531","64267","122245","27782"]}},{"id":"5db4407c22cd80278d97db06","categoryPath":"5db3f9c3d4044f6b80eee115","data":{"indices":["92472","42116","16898","78460","85645","52284","49760","87287","118089","159851","140795","46029","44622","82016","50632","72942","89416","92175","49959","95549","71893","51873","73564","44707","146843","84252","65506","34054","92086","62404","92739","116922","111829","87832"]}},{"id":"5db4407c22cd80278d97db08","categoryPath":"5db3f9c3d4044f6b80eee115","data":{"indices":["48640","46468","79060","94318","47818","88514","90644","67172","35401","83517","77080","77131","14918","78543","49317","15913","15986","83504","62945","51937","46946","52456","49865","82831","78031","45318","68126","43080","43118","98922","43254","65991","45462","84828","46457","49320","65607","111324","67106","126242","82428","78998","119124","54685","80963","58677","88069","82504","76752","72442","76716","96372","90167","91781","96397","143884","50009","66630","42803","44474","50290","119117","92831","47292"]}},{"id":"5db4407c22cd80278d97db0a","categoryPath":"5db3f9c3d4044f6b80eee115","data":{"indices":["87279","123098","102880","89990","78914","144211","144150","131702","18119","25540","174277","154325","646","16929","155750","130481","17212","17483","17524","19476","125103","17446","143391","117725","117717","17773","140008","147417","17864","18053","18068","18488","18178","18188","18278","18403","18407","26674","26512","153586","19132","19156","19157","19202","34041","182340","182349","26517","26109","100772","26670","184245","184273","155082","101930","138767","104358","36738","43133","122642","113900","63084","135683","38624","101926","39934","124071","43145","93781","75540","44836","152976","84312","132426","75705","72877","187269","75673","92963","104315","109114","75820","49125","99836","111389","127710","113752","101894","52327","87835","155429","58024","58018","107229","100183","103005","101580","58067","134676","103010","59885","127405","61521","108299","174980","64818","88875","154172","69049","112295","68964","154634","153573","77133","148329","103988","154015","94889","144476","184644","134915","144540","102679","107998","89344","112452","84785","110094","76863","77270","88920","78783","93180","85398","108670","137815","85104","134865","144547","120307","161279","86059","86102","86347","86836","127708","88107","105876","161265","89959","92536","102152","122136","95601","102090","155487","183342","111866","109055","111864","152502","112320","114543","134569","128399","118934","118933","169277","119775","122635","180953","180500","134556","151541","147415","150299","153129","155652","161261","163459","188789","192090","89794"]}},{"id":"5db4407c22cd80278d97db0e","categoryPath":"5db3f9c3d4044f6b80eee115","data":{"indices":["190834","83612","197439","210509","155651","64420","208673","133710","10084","96141","3967","62997","182213","62368","182196","16701","153706","192996","173","656","6694","1394","1384","182114","62267","4306","45754","174982","3216","17841","3535","3840","3607","3612","3622","3704","179920","3769","88417","4204","4089","23667","116554","4137","4169","4182","4180","4303","4331","28901","187861","4361","4369","5095","5108","137222","5186","109954","6175","206549","9846","7738","7069","17823","10315","8781","8037","8126","190870","105928","9104","14895","194313","8785","167261","8899","9885","9399","9420","10237","11755","133742","13752","191819","16854","31475","16293","145658","16846","16883","16903","16906","17500","18320","17585","17958","109270","17996","18039","18057","18099","18102","18332","18944","19019","191789","19265","19568","23230","28892","88082","29152","29276","29308","95058","206507","75850","184898","35021","95979","35506","102134","36302","36301","196474","109762","39251","40515","40529","80609","40577","42944","45603","46823","91003","81388","133491","61241","187916","47245","47272","184556","47913","47927","131779","73429","190541","175802","49770","87214","51762","96115","122091","51785","86015","51766","51855","159324","64414","126815","52093","185834","52308","79578","101690","84809","96972","131626","65799","56149","56234","81607","99807","69137","137271","184300","56895","56862","184858","206537","171266","171198","75423","131406","154123","136221","62402","102616","63090","63490","63748","123670","76116","109524","121326","207040","94429","65661","127423","133819","111124","69163","83953","123180","72358","72661","72663","72730","75011","87407","114694","129438","79013","79008","154244","81749","80622","80623","191666","108595","138285","81746","82312","83234","91501","87145","189264","97236","187845","99823","167262","109727","109802","111696","111705","113390","113386","113393","113579","196491","177014","122908","184365","197215","126174","126238","126243","129465","129658","136205","194961","194952","137066","154236","166159","168982","173475","173490","179953","177374","181199","181190","182526","190247","190934","194379","194382","194989","195805","203630"]}},{"id":"5db4407c22cd80278d97db0f","categoryPath":"5db3f9c3d4044f6b80eee115","data":{"indices":["180186","128813","78237","125910","133136","130601","89065","92868","129523","52670","110662","681","12513","152066","1566","60565","1998","60500","27309","118375","1900","103706","2118","2412","192224","31000","30622","2758","2836","2846","2858","2861","26142","19083","32020","52283","92708","177680","178242","35490","35750","71538","138246","37007","173268","137110","39660","106706","151578","137114","64016","112887","45297","128158","117118","46275","116428","53833","131327","90387","133113","52516","50614","56640","52571","82148","109437","129990","53557","53847","83894","56088","98552","60343","66222","128202","87398","70542","109568","78453","108353","122581","113477","97304","208410","111163","115446","115304","118641","125857","129979","155062","185767","185747","185762","106785","106495","105611","94494","118107"]}}],"task":{"projectOptions":{"_id":"5db3f9c3d4044f6b80eee114","name":"Redwood_seg","itemType":"mesh","labelType":"mesh segmentation","taskSize":10,"__v":0,"categories":[{"parent":null,"_id":"5db3f9c3d4044f6b80eee115","name":"chair","project":"5db3f9c3d4044f6b80eee114","level":1,"__v":0}]},"_id":"5db3f9c3d4044f6b80eee118","project":"5db3f9c3d4044f6b80eee114","index":3,"__v":0,"items":[{"transform":[-0.9279328391430833,-0.3723998014413223,-0.016094309421078395,0,-0.19270901797596143,0.5162498258602235,-0.8344754729249649,0,0.3190671834985048,-0.7712356729299105,-0.5508099642959088,0,-0.25322135436502047,0.6809003421829396,1.0960344500712922,1],"_id":"5db3f9c3d4044f6b80eee132","url":"http://dgpu.jiamingsun.ml:16100/02936/downsample/splitted_meshes.json","project":"5db3f9c3d4044f6b80eee114","task":"5db3f9c3d4044f6b80eee118","__v":0,"labelIds":["5db4407c22cd80278d97db02"]},{"transform":[0.2084384003217507,0.9772549863371862,0.03906638966767941,0,0.48343128008508574,-0.06822337459770787,-0.8727197654921928,0,-0.8502044682380453,0.20079421918798296,-0.4866559814353501,0,1.4172127633710707,-0.23421802992450205,1.262653788064354,1],"_id":"5db3f9c3d4044f6b80eee133","url":"http://dgpu.jiamingsun.ml:16100/02945/downsample/splitted_meshes.json","project":"5db3f9c3d4044f6b80eee114","task":"5db3f9c3d4044f6b80eee118","__v":0,"labelIds":["5db4407c22cd80278d97db00"]},{"transform":[0.028798300211206745,0.9969744024169015,0.07219883463342959,0,0.543196385169526,0.045024421131321574,-0.8383975757039845,0,-0.8391116531100882,0.06336257260439362,-0.540256277804464,0,0.6536042762355678,0.1453772398688965,1.0824962255761679,1],"_id":"5db3f9c3d4044f6b80eee134","url":"http://dgpu.jiamingsun.ml:16100/02946/downsample/splitted_meshes.json","project":"5db3f9c3d4044f6b80eee114","task":"5db3f9c3d4044f6b80eee118","__v":0,"labelIds":["5db4407c22cd80278d97db03"]},{"transform":[-0.9236113458150569,-0.3808484056055342,-0.0435496262888295,0,-0.18431250556448425,0.5408290561429446,-0.8206904505951077,0,0.3361115535960088,-0.7499722724182786,-0.5697109774809365,0,-0.3867001582627767,0.7155595111692277,1.0916644663295434,1],"_id":"5db3f9c3d4044f6b80eee135","url":"http://dgpu.jiamingsun.ml:16100/02961/downsample/splitted_meshes.json","project":"5db3f9c3d4044f6b80eee114","task":"5db3f9c3d4044f6b80eee118","__v":0,"labelIds":["5db4407c22cd80278d97db01"]},{"transform":[-0.9962026670598003,0.04368602984611893,0.07531113624502353,0,-0.024852786963812417,0.6863267191255308,-0.7268686269056659,0,-0.08344205150551207,-0.7259801730870861,-0.6826348042113948,0,-0.21159124813433589,0.6339236123693563,1.0106384843830511,1],"_id":"5db3f9c3d4044f6b80eee136","url":"http://dgpu.jiamingsun.ml:16100/03272/downsample/splitted_meshes.json","project":"5db3f9c3d4044f6b80eee114","task":"5db3f9c3d4044f6b80eee118","__v":0,"labelIds":["5db4407c22cd80278d97db04"]},{"transform":[0.07464754370859313,0.9934131959368001,0.0869365772447609,0,0.6483972185248045,0.01788328094083615,-0.7610921556912323,0,-0.7576336952569779,0.11318309382108656,-0.6427914043555212,0,1.1486597754127315,-0.7246446464366343,0.39050426857599474,1],"_id":"5db3f9c3d4044f6b80eee137","url":"http://dgpu.jiamingsun.ml:16100/03393/downsample/splitted_meshes.json","project":"5db3f9c3d4044f6b80eee114","task":"5db3f9c3d4044f6b80eee118","__v":0,"labelIds":["5db4407c22cd80278d97db05"]},{"transform":[0.9680249465471994,0.24190303365065888,-0.06641234688458936,0,0.07555442257319128,-0.5336067004472056,-0.8423511043646101,0,-0.23920536618908203,0.8103991543955196,-0.5348214536750012,0,-0.8030262589454651,-1.1996203660964966,1.1815222508682481,1],"_id":"5db3f9c3d4044f6b80eee138","url":"http://dgpu.jiamingsun.ml:16100/03463/downsample/splitted_meshes.json","project":"5db3f9c3d4044f6b80eee114","task":"5db3f9c3d4044f6b80eee118","__v":0,"labelIds":["5db4407c22cd80278d97db07","5db4407c22cd80278d97db09","5db4407c22cd80278d97db0c","5db4407c22cd80278d97db0b","5db4407c22cd80278d97db0d"]},{"transform":[-0.6294681415468547,-0.7741021262049369,-0.06734825196236004,0,-0.3408998869090471,0.3530108136991654,-0.8713040276751941,0,0.698252919248911,-0.525499083656831,-0.4861003586266191,0,0.3801549979351275,-0.5927394158357062,1.0409008855526243,1],"_id":"5db3f9c3d4044f6b80eee139","url":"http://dgpu.jiamingsun.ml:16100/03482/downsample/splitted_meshes.json","project":"5db3f9c3d4044f6b80eee114","task":"5db3f9c3d4044f6b80eee118","__v":0,"labelIds":["5db4407c22cd80278d97db06","5db4407c22cd80278d97db08"]},{"transform":[0.8858504924292893,0.42793809902803526,0.179270511300615,0,0.38194052961998953,-0.4532283880566814,-0.8054225448709291,0,-0.26342050093868413,0.781954611344114,-0.5649394799933033,0,0.4926486610201587,-1.0257591606763465,0.9866868722217033,1],"_id":"5db3f9c3d4044f6b80eee13a","url":"http://dgpu.jiamingsun.ml:16100/03500/downsample/splitted_meshes.json","project":"5db3f9c3d4044f6b80eee114","task":"5db3f9c3d4044f6b80eee118","__v":0,"labelIds":["5db4407c22cd80278d97db0a"]},{"transform":[0.346833991837411,0.920983784583162,0.17746853210026722,0,0.657324599840882,-0.10370792843402389,-0.7464376523971676,0,-0.6690520578753812,0.37554436993586754,-0.641354711032232,0,1.2543874361702292,-1.2588588566919725,1.1451196670532227,1],"_id":"5db3f9c3d4044f6b80eee13b","url":"http://dgpu.jiamingsun.ml:16100/03501/downsample/splitted_meshes.json","project":"5db3f9c3d4044f6b80eee114","task":"5db3f9c3d4044f6b80eee118","__v":0,"labelIds":["5db4407c22cd80278d97db0e","5db4407c22cd80278d97db0f"]}]}}