{"labels":[{"id":"5db42f5e22cd80278d97d9f2","categoryPath":"5db3f9c3d4044f6b80eee115","data":{"indices":["116990","24143","96955","548","32093","553","124442","123738","77297","20671","4276","1230","24893","101948","1237","101916","53620","1440","131248","112564","1445","99171","2853","101761","35184","41046","3640","25589","103581","122633","3941","4006","122649","4597","120426","6446","6889","115519","116806","60110","24814","51719","17069","125685","115586","63639","81614","112546","126599","118999","19126","117910","117007","116465","96454","106558","41025","109702","21847","104618","107990","109352","104842","110559","24005","74182","74191","24909","32650","109935","28530","126828","114155","28489","30241","31529","118053","32069","133505","32643","54845","33778","76649","76676","109965","115084","134474","44320","84309","135728","46300","46306","46357","46365","49311","49370","49339","98525","109542","52312","144148","132352","52405","52476","53214","53222","53614","121684","69467","54270","54244","54266","115854","56874","61212","61222","103754","103735","110298","134726","71413","110027","77286","136704","116764","83313","134499","85792","124478","86286","93677","96893","116190","131406","103947","109158","109617","109739","123929","110846","126299","114927","117984","115595","116287","119563","117653","127846","118773","123271","123434","124486","124741","124752","124853","126062","126487","126926","144200","134435","152912","137139","136930","136689","136858","136995","116604","125247","72259","1958","25770","2857","111593","112542","7009","62243","78714","80213","110981","51328","17990","7868","125299","123077","23244","72907","60099","68180","30165","108767","138073","28750","18069","58630","60122","23325","73208","65093","138046","104660","55707","80801","73128","65064","63779","88782","65106","88798","120178","68049","119942","68850","141930","152513","105844","141886","124221","120311","14714","136965","4545","124408","28485","144254","23948","23962","97361","33737","119168","115715","62668","72819","136443","152915","151326","31041","85200","28979","134988","135145","23121","41823","125205","744","42069","102349","133611","150215","3534","3545","37297","24702","92038","107473","107466","58002","107775","8250","56981","43067","141751","58699","14626","104436","22837","36987","108403","93440","93492","74998","61785","33728","29094","33826","33956","28247","59639","28134","126771","28536","21457","21438","41828","118659","108431","126778","89778","23611","35153","23889","74120","108543","24606","135308","92849","25733","42573","44278","49812","26656","97741","70799","118634","27409","27334","55103","55071","107250","124510","28092","49261","124591","28792","29281","29039","50970","124982","29252","44244","29216","29336","121507","38505","58584","133673","90648","74623","108205","120803","85004","36245","42800","147495","38527","41230","38544","41960","121094","49383","147950","112888","60826","60840","56882","57813","60818","97189","120331","120283","62734","64365","125876","67276","67316","84036","97126","147465","69542","141641","74279","120855","77873","124399","79730","85071","141960","107294","80743","82413","85042","124929","107076","122157","124955","129266","86284","134974","90718","126336","93461","95027","127246","104913","102353","104319","106336","106769","107257","107889","109417","108588","120266","120724","120879","120834","120850","121055","124565","124983","125646","129682","130024","130108","130111","147475","147676","55420","90096","46596","16352","67134","107211","92431","145273","53473","107463","1676","146241","145983","147743","147656","146751","80726","67096","7504","23382","151365","103806","106270","32361","148124","145546","50861","108125","57266","84566","86826","145645","148040","121253","121234","122277","146291","146336","146346","147658","148072","129859","65135","124268"]}},{"id":"5db42f5e22cd80278d97d9f4","categoryPath":"5db3f9c3d4044f6b80eee115","data":{"indices":["72768","48550","58372","62511","76758","3048","143921","261","274","323","66867","149109","20362","66797","10928","61312","56315","86952","83467","149519","8834","16964","10428","86547","90163","84284","84420","84413","16959","10413","86977","101111","15129","31795","3252","59299","43194","46109","59614","132263","36341","7271","8835","100747","10496","9227","81346","9348","9350","81427","105494","88618","84540","32222","31567","98649","11156","105487","11296","105365","11580","124039","43155","88669","64340","11716","83135","99448","50085","81176","12665","143990","112337","24187","79637","117863","101608","130637","97859","96164","42094","88663","16583","16978","83879","42160","149651","17477","105607","108694","71965","54364","19242","68651","42712","38905","131987","20151","117548","25075","79077","20049","71869","51425","72046","79056","38012","94129","21880","22663","22690","66310","89726","131958","105094","36120","25495","142464","93812","38266","31879","35703","105739","83863","53339","39492","112284","41687","34708","49473","87526","83867","87122","107163","113009","57411","38135","38157","38160","38229","38231","38959","51951","39445","115039","40074","72548","42372","88007","72709","44098","131563","131011","130985","83394","83567","63218","102804","68175","105227","105272","65247","87962","63207","59235","48863","120223","132291","49928","49924","49939","49999","49981","50020","50037","82861","50308","84517","142449","141184","51452","61963","62058","51485","72062","92079","98222","59746","57778","90876","136118","132521","101322","66301","70922","101016","61967","59558","60486","84780","60448","69124","62552","60556","83510","60606","60645","61109","62110","70653","65725","151480","94789","88069","63660","63682","65568","65574","65805","84112","92133","66394","84191","83580","69056","69143","71995","79653","79609","79620","147081","82902","83260","83496","83516","83519","84425","98832","87131","87660","119190","131696","93109","93041","93139","131161","111299","105730","97863","98983","100484","100485","101313","101448","101731","101734","105214","111958","112027","112134","112997","147319","117820","127082","130967","131132","147284","144537","147171","147154","63724","13719","89104","1320","15286","85092","65929","86471","77709","40867","45016","24323","66520","41494","56117","47701","41202","21933","69580","82324","63391","24343","111882","31652","39577","132855","73714","66529","112484","76794","57796","132780","87775","56116","83106","89127","129405","68433","69965","69972","70460","111711","142517","91893","109028","51277","64479","9900","75013","87337"]}},{"id":"5db42f5e22cd80278d97d9f8","categoryPath":"5db3f9c3d4044f6b80eee115","data":{"indices":["65002","71272","12301","47842","61635","57868","24556","96375","35831","66078","86023","39064","61584","148415","80984","80948","107671","94864","21347","67876","74062","49428","106824","59182","98279","49251","77070","78629","66102","32450","101132","62218","47849","137609","82207","63762","145945","57497","58177","86186","93956","167605","40673","78862","67158","90938","86231","78497","64646","41050","57162","139980","77858","11125","61459","46705","64888","67798","86454","60765","37508","79020","40684","139130","77372","63060","65613","12303"]}},{"id":"5db42f5e22cd80278d97d9f3","categoryPath":"5db3f9c3d4044f6b80eee115","data":{"indices":["12305","29584","20410","16414","21950","39922","23346","22729","34289","30710","22005","9387","19203","14606","39761","31672","20214","30004","20670","33333","16659","16857","35995","21958","19041","25618","7330","26858","37556","50011","35406","28659"]}},{"id":"5db42f5e22cd80278d97d9f5","categoryPath":"5db3f9c3d4044f6b80eee115","data":{"indices":["37537","47154","55184","25820","52899","31939","59241","36501","52702","59839","53908","32443","49676","40219","26881","43167","55179","30628","69445","56666","37388","43972","41771","24601","33620","151","32106","70940","26997","2026","54219","92516","4810","12443","12406","89803","12441","84778","44618","13117","14047","16059","102541","47823","64031","18958","66254","19528","19692","42855","42846","59045","64152","27505","19547","57420","59055","19683","51909","91828","91804","54603","27459","50666","60632","86250","23187","37639","32382","24620","46472","61617","61596","24733","47203","59318","63891","55855","57490","55155","26206","34938","79353","33833","91031","26828","52697","29103","63552","27156","32046","29295","30462","42106","42131","68260","68132","57412","28385","40973","79320","68207","28826","70087","71324","75214","30408","63607","77327","75516","47905","55545","38026","32069","31745","37205","32807","30484","32904","47837","57822","39258","30859","30874","37153","31410","31431","38841","31823","39339","34921","60894","34919","50674","55502","32470","54569","32713","37951","103846","102777","33964","33973","33980","71644","40103","34061","36787","48995","45622","44801","39338","69479","53677","35338","44354","38517","38536","37008","69485","37837","67430","47632","38557","87271","63446","66189","39859","56781","45198","42091","42118","42133","42142","69784","87183","87219","53222","44604","87167","45733","61543","46278","46109","60436","46729","48377","86258","69997","51569","51562","51773","53181","56833","54030","55890","86264","87262","85975","62505","64144","64170","66298","67359","89817","72246","80994","84782","87281","15975"]}},{"id":"5db42f5e22cd80278d97d9f7","categoryPath":"5db3f9c3d4044f6b80eee115","data":{"indices":["20608","27843","2130","3524","3532","63608","45763","26282","29867","18260","19166","26809","12542","35857","67480","50107","22573","29826","23696","38077","54017","54032","49642","35673","19194","39718","35957","22019","47278","23337","41235","34986","45417","29533","54118","54184","33674","32548","75724","47406","37167","25514","47342","29542","934","34870","931","30787","30773","30491","53271","17406","38880","41048","34097","31213","27013","35558","31158","43372","43672","38599","28613","29909","27750","27937","17168","30458","42177","17248","17292","17559","26245","26107","68872","71525","34074","26079","15951"]}},{"id":"5db42f5e22cd80278d97d9f6","categoryPath":"5db3f9c3d4044f6b80eee115","data":{"indices":["44786","43250","21199","57041","44400","44396","37828","67297","6735","48257","40311","13843","39315","36833","19090","19126","63892","36125","31091","53523","77976","29245","64842","34065","33133","35357","36137","90662","34435","6184","5336","5358","54815","60719","61169","61384","61146","83652","38310","48100","35793","50582","58651","2724","2651","86499","13260","29141","29262","54568","96137","5337","63311","43139","16438","2627"]}},{"id":"5db42f5e22cd80278d97d9fb","categoryPath":"5db3f9c3d4044f6b80eee115","data":{"indices":["77977","72574","71687","49444","44092","38713","64331","82807","65828","60496","38444","45956","75229","254","1171","65758","12828","45251","70881","50585","39404","89419","63995","69293","72722","67789","79808","41664","90936","84221","67858","60615","85473","43987","76421","61953","62305","46412","120455","81950","64450","59133","60602","89430","61258","61933","83864","91258","109895","114525","783","92539","81425","48363","43856"]}},{"id":"5db42f5e22cd80278d97d9f9","categoryPath":"5db3f9c3d4044f6b80eee115","data":{"indices":["112060","55983","57347","82152","156033","90278","73470","81614","58494","118177","82241","76560","6996","86595","134464","91125","21980","70518","71388","50620","86233","60185","46560","79029","86338","76537","55643","116956","116488","61771","61772","120121","83427","104109","70523","86224","173042","153932","27324","25196","73229","147400","51128","19858","20294"]}},{"id":"5db42f5e22cd80278d97d9fa","categoryPath":"5db3f9c3d4044f6b80eee115","data":{"indices":["101018","97408","67410","135995","40979","36508","118320","24053","106625","30029","63322","130205","81437","125625","101437","88264","10063","10068","123720","30012","67157","101510","26452","101521","156813","26487","26596","115049","105561","86707","26998","101180","28808","34299","93485","75834","154308","98552","72218","75484","44877","81751","46229","68802","126817","47267","58279","70231","133094","100026","98841","56355","101477","88249","83012","117333","61471","70222","98305","98833","67156","70123","106308","100034","82951","105623","85291","101222","101166","88233","92493","94363","101205","101392","126775","50266","33975","62155"]}},{"id":"5db42f5e22cd80278d97d9fe","categoryPath":"5db3f9c3d4044f6b80eee115","data":{"indices":["50593","149535","35911","102395","67979","157909","26684","90492","46396","51359","50831","94394","97529","25602","51591","82713","87080","106435","87105","86680","32477","164722","35770","45832","161075","101374","75467","80218","72140","77338","76318","75789","69971","63076"]}},{"id":"5db42f5e22cd80278d97d9fc","categoryPath":"5db3f9c3d4044f6b80eee115","data":{"indices":["109046","82050","164760","166717","192883","116707","44354","40873","45180","82563","132635","190394","80296","135098","82701","83315","42837","51871","174308","200024","154959","187488","132628","132683"]}},{"id":"5db42f5e22cd80278d97d9fd","categoryPath":"5db3f9c3d4044f6b80eee115","data":{"indices":["143015","82254","172881","195790","138760","120170","78840","109127","180956","189933","178927","209359","182955","39403","189515","37637","180142","163654","207180","180424","120481","45537","184855","172865","38668","189942","185421","82925","187194","184700","45182","46479","74633","113133","52959","188010","185527","154461","68919","71984","204225","210300","185608","78647","180758","183300","182286","229336","182348","185868","185889","162083","178608","180616","162124","171967","209428","209669","181119","182274","229675","185531","185610","190804","193020","211780","224280","224278","226643","226650","179195","194701","186912","194788","184096","184029","184019","140978","115465","188073","77261","211125","108107","79263","179776","205021","116889","147003","186878","179804","193353","183351","108147","50029","160406","189570","183798","69329","134059","188079"]}}],"task":{"projectOptions":{"_id":"5db3f9c3d4044f6b80eee114","name":"Redwood_seg","itemType":"mesh","labelType":"mesh segmentation","taskSize":10,"__v":0,"categories":[{"parent":null,"_id":"5db3f9c3d4044f6b80eee115","name":"chair","project":"5db3f9c3d4044f6b80eee114","level":1,"__v":0}]},"_id":"5db3f9c3d4044f6b80eee11a","project":"5db3f9c3d4044f6b80eee114","index":5,"__v":0,"items":[{"transform":[-0.37294613609783184,-0.9257898672313679,0.06184071030450278,0,-0.7655835461201025,0.2693837875731333,-0.5842210459106572,0,0.5242070384337928,-0.26522721131823934,-0.8092351301735309,0,-0.8971775646717147,0.09680862297386861,1.1549705020909424,1],"_id":"5db3f9c3d4044f6b80eee146","url":"http://dgpu.jiamingsun.ml:16100/04505/downsample/splitted_meshes.json","project":"5db3f9c3d4044f6b80eee114","task":"5db3f9c3d4044f6b80eee11a","__v":0,"labelIds":["5db42f5e22cd80278d97d9f2","5db42f5e22cd80278d97d9f4"]},{"transform":[0.19016452412782706,-0.9799054012185124,0.06018997253733907,0,-0.5323464230067165,-0.15443403973033817,-0.8323204572065817,0,0.8248906799931505,0.12623590522171083,-0.5510170027630434,0,-0.9923385568154645,-0.22460728989193046,1.1388596606767885,1],"_id":"5db3f9c3d4044f6b80eee147","url":"http://dgpu.jiamingsun.ml:16100/04720/downsample/splitted_meshes.json","project":"5db3f9c3d4044f6b80eee114","task":"5db3f9c3d4044f6b80eee11a","__v":0,"labelIds":["5db42f5e22cd80278d97d9f8"]},{"transform":[0.5878267010591655,0.7956470636611289,0.14630606001396612,0,0.6147855472002319,-0.3217990146434166,-0.7200584785717736,0,-0.5258312831765459,0.513216465818888,-0.6783143879241228,0,0.7108909216329311,-0.6373590274453094,1.0575020019506054,1],"_id":"5db3f9c3d4044f6b80eee148","url":"http://dgpu.jiamingsun.ml:16100/04743/downsample/splitted_meshes.json","project":"5db3f9c3d4044f6b80eee114","task":"5db3f9c3d4044f6b80eee11a","__v":0,"labelIds":["5db42f5e22cd80278d97d9f3"]},{"transform":[0.7662932335103622,-0.642414129612101,-0.009935921979715738,0,-0.3790542673262739,-0.43955406597445706,-0.8143157214226171,0,0.5187605465577068,0.6277708761206374,-0.5803371193261316,0,-0.8467985823279577,-0.8981771056301476,1.1656483808868783,1],"_id":"5db3f9c3d4044f6b80eee149","url":"http://dgpu.jiamingsun.ml:16100/04746/downsample/splitted_meshes.json","project":"5db3f9c3d4044f6b80eee114","task":"5db3f9c3d4044f6b80eee11a","__v":0,"labelIds":["5db42f5e22cd80278d97d9f5"]},{"transform":[-0.360919531328897,-0.9304444520335107,-0.06332638871688646,0,-0.5564566257625531,0.2693456068400077,-0.786008202857322,0,0.748393650239488,-0.2484473216302831,-0.6149640655269479,0,-0.9213160421797141,0.32861099572210295,1.0553939280454911,1],"_id":"5db3f9c3d4044f6b80eee14a","url":"http://dgpu.jiamingsun.ml:16100/04749/downsample/splitted_meshes.json","project":"5db3f9c3d4044f6b80eee114","task":"5db3f9c3d4044f6b80eee11a","__v":0,"labelIds":["5db42f5e22cd80278d97d9f7"]},{"transform":[0.7077208299566728,0.7060722127529296,0.024356561792770206,0,0.4238434405964675,-0.3967459667609494,-0.8142170913797251,0,-0.5652326776843665,0.5865617459151554,-0.5800494423361785,0,0.6872025820517857,-0.7142117543375119,1.100925297509418,1],"_id":"5db3f9c3d4044f6b80eee14b","url":"http://dgpu.jiamingsun.ml:16100/04764/downsample/splitted_meshes.json","project":"5db3f9c3d4044f6b80eee114","task":"5db3f9c3d4044f6b80eee11a","__v":0,"labelIds":["5db42f5e22cd80278d97d9f6"]},{"transform":[0.9930101329748233,0.11054424958217443,-0.04136288535501131,0,-0.0014730770645343659,-0.3388111475321873,-0.9408532352553002,0,-0.1180201219379197,0.9343377303511358,-0.3362800636831046,0,0.11129658273746883,-1.0385725477641805,0.736931164296827,1],"_id":"5db3f9c3d4044f6b80eee14c","url":"http://dgpu.jiamingsun.ml:16100/04780/downsample/splitted_meshes.json","project":"5db3f9c3d4044f6b80eee114","task":"5db3f9c3d4044f6b80eee11a","__v":0,"labelIds":["5db42f5e22cd80278d97d9fb"]},{"transform":[-0.6310343442315987,0.7755889674214173,-0.01604437874769532,0,0.4381308043919535,0.3392514280140497,-0.8324361009864343,0,-0.6401851866800665,-0.5323253132121072,-0.5538887284306978,0,0.7582815150172749,0.7472446631618275,1.2491870140650465,1],"_id":"5db3f9c3d4044f6b80eee14d","url":"http://dgpu.jiamingsun.ml:16100/04786/downsample/splitted_meshes.json","project":"5db3f9c3d4044f6b80eee114","task":"5db3f9c3d4044f6b80eee11a","__v":0,"labelIds":["5db42f5e22cd80278d97d9f9"]},{"transform":[-0.15766616282894264,-0.9826812031696268,0.09736027500930489,0,-0.7844395962779961,0.06474753170894196,-0.6168162399756022,0,0.5998298912433002,-0.17362430567905107,-0.7810625462436305,0,-0.679315984249115,0.7608463764190674,0.9782111636433763,1],"_id":"5db3f9c3d4044f6b80eee14e","url":"http://dgpu.jiamingsun.ml:16100/04837/downsample/splitted_meshes.json","project":"5db3f9c3d4044f6b80eee114","task":"5db3f9c3d4044f6b80eee11a","__v":0,"labelIds":["5db42f5e22cd80278d97d9fa","5db42f5e22cd80278d97d9fe"]},{"transform":[0.6367379930624583,0.769719484355752,0.04578820568896034,0,0.3823440606291014,-0.2636050865343519,-0.8856214811956885,0,-0.6696101354370921,0.5814157186732051,-0.46214506732845,0,1.8815817974692344,-0.961199322263,1.189221073805109,1],"_id":"5db3f9c3d4044f6b80eee14f","url":"http://dgpu.jiamingsun.ml:16100/04853/downsample/splitted_meshes.json","project":"5db3f9c3d4044f6b80eee114","task":"5db3f9c3d4044f6b80eee11a","__v":0,"labelIds":["5db42f5e22cd80278d97d9fc","5db42f5e22cd80278d97d9fd"]}]}}