{"labels":[{"id":"5db43e0822cd80278d97dad6","categoryPath":"5db3f9c3d4044f6b80eee115","data":{"indices":["46330","67842","45903","50607","98638","9406","1101","1575","1559","10197","7114","83514","25164","9432","36639","9503","31820","10267","10360","11377","44068","27651","48750","20389","74384","30214","30347","37562","65607","75384","33798","34101","86599","35230","59952","35721","85907","65405","38395","101395","58943","54411","110155","42549","85506","43735","97423","61290","88981","45764","100422","60179","68599","63290","92122","52400","53297","53300","72472","71532","104300","54889","56197","58918","77489","77451","63184","82120","63194","64329","76046","76606","77471","85893","91091","90728","92116","94636","98860","101130","103262","104312","55161","36877","9232","1594","38139","57327","57375","67175","62155","102420"]}},{"id":"5db43e0822cd80278d97dad4","categoryPath":"5db3f9c3d4044f6b80eee115","data":{"indices":["58108","39168","77332","80444","53007","37845","95497","63200","77494","483","515","520","6385","6637","88218","102345","46448","48383","35267","83471","64341","50661","81847","54740","48731","99047","50622","35644","35925","100107","46332","36443","50043","50549","76245","39141","44464","66315","39771","40249","71252","73764","44191","46756","41302","82220","80070","82340","72405","44222","71981","44702","62937","72560","45958","45965","46386","46472","83543","91730","48368","83583","48917","69641","50021","60072","50275","55960","101320","52474","81227","101322","54110","57228","67211","58805","75600","60042","97017","66014","70350","97970","75379","80173","78704","79072","83642","95029","98733","101314","101733","101740","101739","51579","43454","35685","95283","72438","70122","57668","72463","49256"]}},{"id":"5db43e0822cd80278d97dad7","categoryPath":"5db3f9c3d4044f6b80eee115","data":{"indices":["107914","74349","193107","113759","114029","103197","63250","130231","63309","83254","77827","151856","101800","55834","175019","55908","116753","238124","121612","222775","132307","63304","111111","104047","157705","215760","193755","116754","101673","116619","120943","145914","120000","121543","121602","131709","140630","185619","225372","55921","227646","184066","120004","73280","37625","115077","108305","107192","81074","121531","82034","122241","156992","62904","62916","215629","66206","240987","97351","70167","72868","117560","158663","142905","111157","133649","115513","144733","97397","119400","112854","174509","106020","109340","108290","109337","223803","161472","183134","225743","147432","140617","45631","94805","85480","65462","235160","184048","133028","72175","117276","103350","102596","103086","104049","109900","100329","76790","169625","123054","71998","108357","132204","87865","96357","72181","105064","137927","137988","86121","183369","94787","85501","247239","125319","173014","185526","179580","214922","215007","98644","69892","157231","157226","214916","174543","122398","138011","96726"]}},{"id":"5db43e0822cd80278d97dad5","categoryPath":"5db3f9c3d4044f6b80eee115","data":{"indices":["100117","190337","154638","209501","72763","114105","89336","188872","133192","23267","72953","94137","138466","79448","72726","96301","115006","69198","82643","133222","91557","71658","78637","79046","127573","93397","95669","95718","95743","100600","123337","177072","91140","83027","84091","153583","94549","99221","102783","169783","83845","128834","115187","88652","150508","122838"]}},{"id":"5db43e0822cd80278d97dad8","categoryPath":"5db3f9c3d4044f6b80eee115","data":{"indices":["34184","43712","26870","14525","66388","39505","119954","40686","88158","51589","57547","50409","59917","53393"]}},{"id":"5db43e0822cd80278d97dad9","categoryPath":"5db3f9c3d4044f6b80eee115","data":{"indices":["80033","97477","103187","132219","108768","67820","52026","74543","147275","95170","63558","136591","91695","179945","54666","59813","113444","34973","34979","35172","35053","123699","35565","35554","37175","165617","64856","78294","77844","121382","51876","80237","43735","43757","136683","43763","75039","43830","75056","45175","153642","58797","99480","104972","75690","63279","46660","48119","156467","50071","63291","63337","127250","116446","52675","54189","52691","104327","53500","68860","77841","56150","57912","56172","54600","98800","54604","147123","71265","127336","105920","140038","147146","57307","58053","150312","117926","100032","63301","63891","80431","129486","152888","130474","70689","66498","66473","66507","72504","113345","67811","95347","68877","153656","129282","142528","70049","71133","71134","90666","93653","120242","79036","93511","74934","88899","91602","90581","106480","73485","74128","142326","78979","125928","74975","114694","75917","117898","99072","175660","76449","80543","77219","77254","77286","167181","78103","77328","77378","150393","105811","77448","79527","153041","78100","79164","79295","80439","153061","104612","81942","82019","85623","85364","96775","100532","114729","86575","86579","87024","87611","87970","88904","90438","104949","93798","93817","104597","94027","95739","96302","147019","99458","100026","100486","100483","100663","103393","104276","139914","140017","104702","104723","108670","113539","121848","175621","138199","138202","139751","142519","160116","165014","175674","175687","175680","116686","79636","110557","174760","89873","102022","78580"]}},{"id":"5db43e0822cd80278d97dada","categoryPath":"5db3f9c3d4044f6b80eee115","data":{"indices":["70460","99376","49636","22108","88934","75152","137788","74945","50288","58318","95907","67066","129869","172753","73236","158530","103629","55043","53333","129182","83577","51067","71034","51107"]}},{"id":"5db43e0822cd80278d97dadb","categoryPath":"5db3f9c3d4044f6b80eee115","data":{"indices":["30009","63135","41911","47420","45101","59729","60473","48128","35598","52937","87745","49687","64111","33055","36219","71360","5097","35865","13079","64350","36444","21189","41012","24493","59454","80149","33640","80421","80460","139414","139314","99142","80168","75878","68755","35838","59720","63725","95528","70565","48590","44485","45940","48630","36753","30395","39982","16948","117143","53134","81675","90557","13595","13267","82118","56032","9729","45692","89689","49729","35684","87736","43468","78424","54137"]}},{"id":"5db43e0822cd80278d97dade","categoryPath":"5db3f9c3d4044f6b80eee115","data":{"indices":["42517","118788","8549","71195","3428","32917","3453","80441","60087","60103","30267","108191","30561","55786","32873","83293","43417","91243","70848","53077","30413","32376","49284","49186"]}},{"id":"5db43e0822cd80278d97dadf","categoryPath":"5db3f9c3d4044f6b80eee115","data":{"indices":["41260","77479","79615","51739","20516","44205","56949","53854","53866","71836","100070","42874","83428","892","40918"]}},{"id":"5db43e0822cd80278d97dae0","categoryPath":"5db3f9c3d4044f6b80eee115","data":{"indices":["20256","15872","36989","32321","81093","15109","19726","80509","19774","78466","53210","16274","10098","65538","6290","12821","6188","15067","8777","10380","16269","65690","36310","39188","19393","14990","16295","19003","29534","22163","33685","26465","27141","76035","77715","109729","109979","18017","103179","61464","56724","19494","80489","94665"]}},{"id":"5db43e0822cd80278d97dadc","categoryPath":"5db3f9c3d4044f6b80eee115","data":{"indices":["104138","79738","73966","117137","106929","78522","150823","71646","105032","98769","175355","77491","92414","100497","69844","100078","106585","55488","71079","125057","99042","65173","71056","115243","112275","116829","116822","80113","78524","73374","122814","106577","42160","50289","194667","100610","106471","113806","93638","91600","175296","98154","197498","87531","105139","48272","143453"]}},{"id":"5db43e0822cd80278d97dadd","categoryPath":"5db3f9c3d4044f6b80eee115","data":{"indices":["82891","61776","71104","112184","84241","82514","82009","61193","95002","79872","89855","101295","88459","81892","64767","79561","88436","74403","103799","27168","118377","114865","116773","76542","57597","100212","71734","70630","115502","81993","59327"]}}],"task":{"projectOptions":{"_id":"5db3f9c3d4044f6b80eee114","name":"Redwood_seg","itemType":"mesh","labelType":"mesh segmentation","taskSize":10,"__v":0,"categories":[{"parent":null,"_id":"5db3f9c3d4044f6b80eee115","name":"chair","project":"5db3f9c3d4044f6b80eee114","level":1,"__v":0}]},"_id":"5db3f9c3d4044f6b80eee117","project":"5db3f9c3d4044f6b80eee114","index":2,"__v":0,"items":[{"transform":[-0.7079604954069885,0.706247645558369,-0.00250149250667654,0,0.42352431890604103,0.4217117649504491,-0.8017395709786602,0,-0.5651717570589315,-0.5686593681778426,-0.5976683035593285,0,0.6258919242302284,0.4405477126698313,1.1758174896240234,1],"_id":"5db3f9c3d4044f6b80eee128","url":"http://dgpu.jiamingsun.ml:16100/02090/downsample/splitted_meshes.json","project":"5db3f9c3d4044f6b80eee114","task":"5db3f9c3d4044f6b80eee117","__v":0,"labelIds":["5db43e0822cd80278d97dad6"]},{"transform":[-0.9517169400056131,-0.3064418222920803,0.01811987891481681,0,-0.1875128789435322,0.5335951963324068,-0.8246908878159761,0,0.2430510889641131,-0.7882699690951668,-0.5652933544335763,0,-0.23335142159387287,1.324400462773229,1.1980966073541544,1],"_id":"5db3f9c3d4044f6b80eee129","url":"http://dgpu.jiamingsun.ml:16100/02092/downsample/splitted_meshes.json","project":"5db3f9c3d4044f6b80eee114","task":"5db3f9c3d4044f6b80eee117","__v":0,"labelIds":["5db43e0822cd80278d97dad4"]},{"transform":[0.4643507368415425,0.8848269761982291,-0.038205292556668956,0,0.4581509962696883,-0.2769045094485739,-0.8446428473399108,0,-0.7579419990138215,0.37470673797692444,-0.5339651769381484,0,0.7513428650036861,-0.6950789093971252,1.2085795802404682,1],"_id":"5db3f9c3d4044f6b80eee12a","url":"http://dgpu.jiamingsun.ml:16100/02168/downsample/splitted_meshes.json","project":"5db3f9c3d4044f6b80eee114","task":"5db3f9c3d4044f6b80eee117","__v":0,"labelIds":["5db43e0822cd80278d97dad7"]},{"transform":[0.9327963263460073,0.3573331317938595,-0.046946814723443905,0,0.12096147648114672,-0.433110473033748,-0.8931873461039421,0,-0.3394985998431034,0.8274831460895491,-0.44722741592010484,0,0.3886585831642151,-1.4590052366256714,1.095478616283948,1],"_id":"5db3f9c3d4044f6b80eee12b","url":"http://dgpu.jiamingsun.ml:16100/02281/downsample/splitted_meshes.json","project":"5db3f9c3d4044f6b80eee114","task":"5db3f9c3d4044f6b80eee117","__v":0,"labelIds":["5db43e0822cd80278d97dad5"]},{"transform":[0.9345981014328094,-0.33794716710181044,-0.11098681452070212,0,-0.23718342050041347,-0.35954672646903085,-0.902479968207434,0,0.2650856229810061,0.8697803634494162,-0.41618718469224586,0,-0.5524656176567078,-1.807802677154541,0.9982136797154152,1],"_id":"5db3f9c3d4044f6b80eee12c","url":"http://dgpu.jiamingsun.ml:16100/02339/downsample/splitted_meshes.json","project":"5db3f9c3d4044f6b80eee114","task":"5db3f9c3d4044f6b80eee117","__v":0,"labelIds":["5db43e0822cd80278d97dad8"]},{"transform":[0.34262473596523746,0.9387987786844769,0.035568684603668285,0,0.6862177160193657,-0.22422542277740853,-0.6919741617271725,0,-0.6416490601420151,0.2614953119373267,-0.7210454913008796,0,0.7778343191024324,-0.24783922731876373,0.9977165712341373,1],"_id":"5db3f9c3d4044f6b80eee12d","url":"http://dgpu.jiamingsun.ml:16100/02365/downsample/splitted_meshes.json","project":"5db3f9c3d4044f6b80eee114","task":"5db3f9c3d4044f6b80eee117","__v":0,"labelIds":["5db43e0822cd80278d97dad9"]},{"transform":[-0.39102284335392057,-0.9194246032141109,-0.04194675093110408,0,-0.3905180507940346,0.2070082910558366,-0.8970191118098864,0,0.8334247393818274,-0.33437398948165287,-0.4399968603196119,0,-1.1365914752467838,0.3214572858898849,1.3571792905046383,1],"_id":"5db3f9c3d4044f6b80eee12e","url":"http://dgpu.jiamingsun.ml:16100/02484/downsample/splitted_meshes.json","project":"5db3f9c3d4044f6b80eee114","task":"5db3f9c3d4044f6b80eee117","__v":0,"labelIds":["5db43e0822cd80278d97dada"]},{"transform":[-0.7912082945333743,0.6112650746150244,-0.0185606733876728,0,0.33781360674679367,0.41155625105461124,-0.8464652562420726,0,-0.5097758801423941,-0.6760003708865976,-0.5321203720241372,0,0.7561173791930555,1.2834351840399192,1.0967539879511095,1],"_id":"5db3f9c3d4044f6b80eee12f","url":"http://dgpu.jiamingsun.ml:16100/02566/downsample/splitted_meshes.json","project":"5db3f9c3d4044f6b80eee114","task":"5db3f9c3d4044f6b80eee117","__v":0,"labelIds":["5db43e0822cd80278d97dadb"]},{"transform":[-0.7274991888210992,-0.6853573505932755,-0.03209712665944663,0,-0.15428927834307216,0.20900114297352615,-0.965667273266716,0,0.6685355141391727,-0.6975699300928274,-0.2577914584124607,0,-1.477905209879188,1.0401754497205937,0.9683858326314925,1],"_id":"5db3f9c3d4044f6b80eee130","url":"http://dgpu.jiamingsun.ml:16100/02663/downsample/splitted_meshes.json","project":"5db3f9c3d4044f6b80eee114","task":"5db3f9c3d4044f6b80eee117","__v":0,"labelIds":["5db43e0822cd80278d97dade","5db43e0822cd80278d97dadf","5db43e0822cd80278d97dae0"]},{"transform":[0.9959443841896157,-0.03677500094504998,0.08211211526739069,0,0.05398838024958718,-0.4857997648108508,-0.8724012369894751,0,0.07197259932388735,0.8732961730932091,-0.48184410293783114,0,-0.18793637788806233,-0.7136744856834412,1.071568041963971,1],"_id":"5db3f9c3d4044f6b80eee131","url":"http://dgpu.jiamingsun.ml:16100/02919/downsample/splitted_meshes.json","project":"5db3f9c3d4044f6b80eee114","task":"5db3f9c3d4044f6b80eee117","__v":0,"labelIds":["5db43e0822cd80278d97dadc","5db43e0822cd80278d97dadd"]}]}}